3240922: 256 6 83 6 8 2 76 2 2
4781829: 3 1 471 3 23 80 49 556
185303830: 72 646 498 8 15 7
4396909609: 594 17 67 1 6 9 74 845
51395424: 611 9 7 24 85 579 348
8080451: 230 83 4 350 1
51187716609: 213 67 7 88 8 619 827
149: 16 3 2 66 45
36764030: 8 6 14 686 94 8 7 36 2
90: 77 8 1 1 1 2
579799: 58 6 4 946 86 9 73
1711: 40 4 4 73 998
4629997428: 799 378 73 8 21
55138352: 4 9 24 1 94 9 292 34 6 6
12784: 965 95 4 3 4 4
166306618368: 936 1 5 792 3 86 2 8 9 6
57804175: 231 59 876 5 481
3383139751778: 1 92 9 761 6 2 5 6 1 778
282539018188: 84 299 4 365 5 51 837
116348400: 4 31 8 3 7 95 3 4 9 6 1 2
350064: 7 4 8 21 48 770 68 6
26848040198: 2 7 63 76 885 8 99 74 7
506811072174: 1 6 9 2 9 184 8 6 85 9 8 1
50430798783: 6 6 7 9 9 3 93 171 5 3 7 9
9245211: 88 79 80 692 91
5112: 839 5 1 7 6
24786163: 740 2 965 33 6 163
41507809: 117 9 83 567 1 7
395795: 94 79 414 4 7 5
103220542: 5 3 2 8 8 32 8 5 6 9 30 9
6607912951: 6 67 228 617 397
4842305966: 4 567 971 325 21 23 2
210648864274: 6 8 36 30 8 239 4 3 274
40421763628632: 364 5 8 6 37 3 628 635
22257: 77 328 13 2 53
6186110889: 2 92 71 5 980 63 1 483
152540: 44 3 16 518 58
8020356: 474 5 881 125 19
147723: 2 29 3 849
436636368: 51 97 397 655 84
88373874: 1 9 35 96 25 8 365 74
4377820491: 28 796 5 4 2 16 38 91
114504: 3 6 8 734 6
3739374: 759 8 4 9 75 855 63 1 8
2859367: 42 80 1 851 7
3017779: 397 38 2 24 555
112867776: 4 4 558 98 129
1627098747: 4 8 5 11 8 9 8 648 2 4 9 3
1722017: 3 5 6 36 9 3 1 37 2 9 45 2
7263: 259 6 65 22 3
1119901426: 5 580 70 581 2 8 649 6
296493: 6 90 2 42 9 8 4 50 1 81 6
11619105439: 7 64 2 8 296 6 76 23
99815364: 5 3 422 73 3 9 6 6 2 2 6 3
3354: 35 3 55 36 6
53583: 1 9 8 491 555
415463030: 5 9 15 7 141 30 30
2175040: 5 44 2 2 8 9 317 6 7 2 5 8
3609508: 7 11 4 84 5 79 2
7393: 620 9 9 818 20 5 6 7
311202: 936 4 98 9 9
40694678: 3 764 7 61 775 848 6
51242352: 914 91 9 6 35 8 8 7
27945216600: 931 2 60 8 26 1 1 5 24
116395: 20 831 7 54 1
8481174364: 84 811 739 4 64
105596926: 836 554 6 38 94
4661761090: 582 72 8 2 2 4 5 5 6 7 5 1
452569: 7 67 862 340 29
25265: 28 145 70 5 75 6 5
601311600: 40 20 9 60 277
220549392: 1 23 252 63 604
8819510: 24 334 6 371 86 7 5
26645751: 9 9 148 57 51
940551780: 6 92 384 75 346 1 930
8938951: 4 7 164 55 7 905 1 8 2 6
38570960: 6 40 237 5 80 6 4 955 5
7599410: 2 835 6 4 67
1780: 1 2 406 486 1 1 481
22879250: 3 6 210 2 115 865
167089216: 77 92 21 3 35 21 49 64
225191202: 4 9 9 18 1 2 1 1 6 9 244 8
2647323: 38 90 1 86 27 9
7820: 79 6 23 4
60151: 2 4 623 8 1 1 69 2 6 197
6381: 69 6 5 1 9 3 6 115 9 2 3 9
999963: 1 82 28 9 886 77
8187831: 7 8 162 3 60 45 3 66 3 9
1066338: 135 9 82 9 168 9 5 3 1 9
13431313: 8 4 4 7 1 308 9 4 7 53
4888422: 5 49 475 16 42
40483869182: 70 7 918 9 4 3 62 1 82
148617: 30 75 3 5 22 7
1706: 26 8 2 8 456 9 5 797 7 8
404411: 206 305 8 79 89 1
73904332: 923 80 63 1 33 2
222360: 32 333 42 1 545
455431: 7 88 2 4 78 8 57
833: 5 9 62 487 3 264 3 1
11652001507: 770 5 8 5 72 25 5 502 3
112387: 4 4 8 1 9 8 32 2 6 1 1 601
568992114: 6 942 31 590 429 6
449890: 3 3 9 908 8 1 71 64 78 7
6431892: 9 5 2 3 7 879 7 7 9 346 1
47177856: 9 1 9 37 1 4 940 544 22
12512667: 1 4 73 75 721 914 7
111681944: 282 396 1 57 41 44
3836539035: 57 36 910 21 735
209051443965: 549 9 9 574 6 5 65 3 1 7
12432: 789 2 464 30 6
1893052: 1 61 227 697 7
75516636: 5 258 500 53 796 116
7198107126: 899 76 327 12 8 6
324356: 4 2 22 18 12 8 62 960 4
1651812: 76 472 1 3 1 829 5 9 42
2986566: 97 6 2 51 2 3
2213348: 1 410 4 6 1 4 6 3 1 3 74 8
713349465: 63 804 4 63 13 465
317513: 29 489 44 7 792 13 67
1705056857: 9 5 66 45 9 3 1 684 1 8 6
109631599: 9 27 88 564 408 5 72 7
4524000: 720 7 527 84 4 160 5
170710: 958 891 43 9 43 10
950453: 7 87 2 1 7 7 8 7 52 691 6
11497532: 73 3 525 3 2
14004606: 81 7 7 196 4 105 9 6 2
14435: 18 97 46 8 99
2587924: 3 1 837 8 8 2 384 532
52827036: 97 6 47 541 9
17555: 256 4 960 372 916 7
12560: 484 5 91 1 5
439274: 827 58 496 9 305
829089344333: 987 1 84 9 34 433 3
120971158: 21 2 6 8 172 6 2 4 9 766
1454786: 209 91 169 62 5 88 7
955240: 747 23 86 101 55
52113349: 9 4 4 73 289 46 1 1 408
358844792: 460 646 1 1 779
3641: 289 8 741 2
13213623: 317 8 52 264 22
83270: 9 9 34 8 9 5 928 1 906 2
1965: 36 28 122 31 75 729
2001540608: 9 29 6 2 3 17 4 458 688
283932217: 283 930 49 172 7
55776554516: 22 13 347 9 75 7 20 9 4
156858658339: 2 7 3 4 9 85 862 3 834 2
122078: 941 5 2 8 834 22
1747653839996: 191 915 3 839 999
1323: 5 83 9 35 859 5
99171744: 80 62 7 4 56 51
558: 36 14 54
205597: 685 3 97
106153647: 4 4 9 3 2 91 9 9 4 864 6 9
6485019068: 2 4 47 3 2 561 7 9 2 4 61
4232: 84 38 62 23
26576163856: 1 755 80 37 24 44
479050: 6 83 36 7 9 871
1439650999: 1 3 9 6 79 860 25 9 90 9
2071304352: 980 20 279 8 9 928
88640: 196 912 20 4
707827: 45 5 85 5 37 1 9 8
446247: 55 695 595 1
27533085: 7 2 4 13 6 423 3 89 8 7 3
1197659: 2 90 95 70 659
3404211: 14 81 737 3
22210: 6 10 370 8 2
47275323: 7 87 33 6 5 508 843
17040242236: 8 1 3 84 196 5 2 7 8 3 6
67472505: 52 9 3 640 8 8 94 6 4 3 3
106090934: 7 3 5 5 6 9 3 2 476 5 22 2
60501: 23 6 1 519 9 56 81 1 1
12560: 8 2 785
6397313: 7 9 7 64 4 4 6 572 8 8 1
10576368040663: 464 3 84 985 25 8 911
55739: 324 16 781 54 9 2 47
5354536482085: 5 3 120 4 8 6 77 3 54 1 7
719328: 42 18 6 118 8
5209255: 514 6 91 1 55
35104400: 6 20 29 80 5 589
992101552532: 177 16 7 6 939 1 66 8 4
2648300: 645 799 917 2 4
3048437: 48 962 11 2 6 293 516
1963982: 480 99 76 306 41
21: 9 7 5
1571724093: 98 25 18 396 9 4 89
107152643: 5 2 715 25 51 3 89
93706: 800 570 8 68 2
504494: 7 3 608 63 26 1 1 9 5 79
2773798: 2 782 60 61 28 6
33250535: 2 175 95 1 99 337
56621021: 2 1 4 7 7 1 504 52 55 1 4
45618793: 4 20 432 179 8 93
8502445733: 59 12 4 1 1 3 444 1 7 33
194395: 388 499 684 99
21285718: 779 8 694 1 1 664 9 3
496128467526: 984 323 5 53 8 8 63 8 6
155022: 34 7 339 499 3 6 6 8 30
3737283012: 864 4 6 5 4 703 6 7 4 4 9
131594: 15 12 404 3 56 6 4 82
3035928: 9 4 746 3 300 7 7 51 8
134436: 99 6 91 2 6 359 6 5 6
57187572390828: 8 459 7 676 390 828
59144157078: 351 11 8 587 466 7 6
1322895: 5 774 68 15 603 903
16108056803: 7 2 4 7 603 5 8 5 16 530
20155: 4 67 91 3 690 82
3308929647: 47 9 54 2 3 69 3 50
1719: 8 9 1 500 3
384: 8 70 306
1547960154: 9 8 595 6 26 1 981 1 32
881783: 26 1 4 5 7 2 806 1 9 3 6
39740: 7 33 1 72 32 8 231 4
4248270589: 7 2 4 39 11 1 7 53 3 5 8 9
2831: 48 1 57 1 38 1
1740: 42 80 99 69 6
1463042528: 7 306 9 2 42 481 47
6518232: 692 75 20 753 9 5 63 9
295: 19 1 4 6 49
12600: 95 5 7 3 129 8
18941825816881: 3 7 9 412 6 2 5 8 16 88 1
10906: 4 8 8 5 2 481 971 3 7
23569563: 9 9 620 981 2 3 647
563162984: 41 453 190 37 2 6 64 4
8779552: 81 6 613 52 127 3 55
670151107604: 98 992 2 972 6 591 20
46058: 8 357 68 908 3 4 74
23352233001: 546 966 55 5 805 76
2598992457: 9 67 54 4 133 376 6 57
6041811: 8 8 1 3 4 8 12 874 3 723
546092: 2 8 195 9 2
112521276: 6 6 3 7 50 315 9 4 6 6 2 7
123165126274: 68 3 1 2 5 3 209 1 6 81 6
183841440: 512 15 85 804 80 3
92972296: 8 77 6 2 6 688 9 2 59 96
12917242: 893 20 786 3 9 9 6 1 8 2
19870855592: 8 7 323 7 1 2 8 9 55 7 7
19093: 188 78 9 38 61
42220695615: 71 54 2 247 4 1 6 9 553
408850045524: 77 387 48 7 79 343 4 4
193249318320: 3 48 2 1 326 4 830 51
1559778746: 1 733 9 70 8 746 2
5978523468: 4 850 7 522 679 789
57475: 3 598 32 63 4
82199776: 84 2 2 24 8 9 637 3 4 2 8
3684: 3 6 2 6 4
2133774: 498 7 34 19 18
223090269: 9 3 1 5 9 4 5 115 124 7 2
3230835: 354 608 75 82 15
152071519611: 36 4 8 3 525 81 2 34 1 2
400642248: 353 3 9 84 3 5 1 3
1319052: 45 345 561 82
214120: 2 7 765 756 8 2
1525: 786 313 10 382 10 24
168952128: 15 6 2 3 6 1 9 4 3 63 49 8
12600: 86 418 25